
Power Report Interval
100000

Power Report                        Node     Tc     Ti    Time At 1    Time At 0    Time At X
---------------------------------------------------------------------------------------------
                              /tbrca/clk    200      0        50000        50000            0
                            /tbrca/reset      1      0         1000        99000            0
                               /tbrca/ld      1      0         2000        98000            0
                          /tbrca/prn(15)     51      0        50500        49500            0
                          /tbrca/prn(14)     50      0        50000        50000            0
                          /tbrca/prn(13)     49      0        49500        50500            0
                          /tbrca/prn(12)     48      0        49000        51000            0
                          /tbrca/prn(11)     47      0        48500        51500            0
                          /tbrca/prn(10)     46      0        48000        52000            0
                           /tbrca/prn(9)     46      0        48000        52000            0
                           /tbrca/prn(8)     46      0        48000        52000            0
                           /tbrca/prn(7)     45      0        47500        52500            0
                           /tbrca/prn(6)     45      0        46500        53500            0
                           /tbrca/prn(5)     44      0        46000        54000            0
                           /tbrca/prn(4)     44      0        46000        54000            0
                           /tbrca/prn(3)     44      0        46000        54000            0
                           /tbrca/prn(2)     43      0        45500        54500            0
                           /tbrca/prn(1)     42      0        45000        55000            0
                           /tbrca/prn(0)     43      0        47500        52500            0
                             /tbrca/a(7)     48      0        49000        51000            0
                             /tbrca/a(6)     50      0        50000        50000            0
                             /tbrca/a(5)     43      0        45500        54500            0
                             /tbrca/a(4)     46      0        48000        52000            0
                             /tbrca/a(3)     44      0        46000        54000            0
                             /tbrca/a(2)     46      0        48000        52000            0
                             /tbrca/a(1)     45      0        46500        53500            0
                             /tbrca/a(0)     43      0        47500        52500            0
                             /tbrca/b(7)     42      0        45000        55000            0
                             /tbrca/b(6)     44      0        46000        54000            0
                             /tbrca/b(5)     49      0        49500        50500            0
                             /tbrca/b(4)     45      0        47500        52500            0
                             /tbrca/b(3)     47      0        48500        51500            0
                             /tbrca/b(2)     44      0        46000        54000            0
                             /tbrca/b(1)     46      0        48000        52000            0
                             /tbrca/b(0)     51      0        50500        49500            0
                            /tbrca/s1(7)     40      0        48000        51975           25
                            /tbrca/s1(6)     51      0        46475        53500           25
                            /tbrca/s1(5)     52      0        52000        47975           25
                            /tbrca/s1(4)     43      0        55475        44500           25
                            /tbrca/s1(3)     47      0        50475        49500           25
                            /tbrca/s1(2)     52      0        43000        56975           25
                            /tbrca/s1(1)     51      0        46475        53500           25
                            /tbrca/s1(0)     44      0        45975        54000           25
                            /tbrca/s2(7)    112      0        47650        52300           50
                            /tbrca/s2(6)    101      0        46175        53775           50
                            /tbrca/s2(5)     92      0        52000        47950           50
                            /tbrca/s2(4)     85      0        55225        44725           50
                            /tbrca/s2(3)     99      0        50600        49350           50
                            /tbrca/s2(2)     96      0        43350        56600           50
                            /tbrca/s2(1)     95      0        46475        53475           50
                            /tbrca/s2(0)     44      0        45975        54000           25
                              /tbrca/co1     52      0        46000        54000            0
                              /tbrca/co2     52      0        46250        53725           25
---------------------------------------------------------------------------------------------

