1                   0
2                   286331153
3                   286331153
4                   572662307
5                   572662307
6                   858993461
7                   858993461
8                   1145324615
9                   1145324615
10                  1431655769
11                  1431655769
12                  1717986923
13                  1717986923
14                  2004318077
15                  2004318077
16                  -2004318065
17                  -2004318065
18                  -1717986943
19                  -1717986943
20                  -1431655789
21                  -1431655789
22                  -1145324635
23                  -1145324635
24                  -858993481
25                  -858993481
26                  -572662327
27                  -572662327
28                  -286331173
29                  -286331173
30                  -19
31                  -19
32                  255
33                  255
34                  286331121
35                  286331121
36                  572662019
37                  572662019
38                  858993173
39                  858993173
40                  1145324327
41                  1145324327
42                  1431655481
43                  1431655481
44                  1717986635
45                  1717986635
46                  2004317789
47                  2004317789
48                  -2004318353
49                  -2004318353
50                  -1717987231
51                  -1717987231
52                  -1431656077
53                  -1431656077
54                  -1145324923
55                  -1145324923
56                  -858993769
57                  -858993769
58                  -572662615
59                  -572662615
60                  -286331461
61                  -286331461
62                  -307
63                  -307
64                  4063
65                  4063
66                  286331089
67                  286331089
68                  572662243
69                  572662243
70                  858993397
71                  858993397
72                  1145324295
73                  1145324295
74                  1431655449
75                  1431655449
76                  1717986603
77                  1717986603
78                  2004317757
79                  2004317757
80                  -2004318385
81                  -2004318385
82                  -1717987263
83                  -1717987263
84                  -1431656109
85                  -1431656109
86                  -1145324955
87                  -1145324955
88                  -858993801
89                  -858993801
90                  -572662647
91                  -572662647
92                  -286331493
93                  -286331493
94                  -339
95                  -339
96                  4031
97                  4031
98                  286331057
99                  286331057
100                 572662211
101                 572662211
102                 858993365
103                 858993365
104                 1145324519
105                 1145324519
106                 1431655673
107                 1431655673
108                 1717986571
109                 1717986571
110                 2004317725
111                 2004317725
112                 -2004318417
113                 -2004318417
114                 -1717987295
115                 -1717987295
116                 -1431656141
117                 -1431656141
118                 -1145324987
119                 -1145324987
120                 -858993833
121                 -858993833
122                 -572662679
123                 -572662679
124                 -286331525
125                 -286331525
126                 -371
127                 -371
128                 3999
129                 3999
130                 286331025
131                 286331025
132                 572662179
133                 572662179
134                 858993333
135                 858993333
136                 1145324487
137                 1145324487
138                 1431655641
139                 1431655641
140                 1717986795
141                 1717986795
142                 2004317949
143                 2004317949
144                 -2004318449
145                 -2004318449
146                 -1717987327
147                 -1717987327
148                 -1431656173
149                 -1431656173
150                 -1145325019
151                 -1145325019
152                 -858993865
153                 -858993865
154                 -572662711
155                 -572662711
156                 -286331557
157                 -286331557
158                 -403
159                 -403
160                 3967
161                 3967
162                 286330993
163                 286330993
164                 572662147
165                 572662147
166                 858993301
167                 858993301
168                 1145324455
169                 1145324455
170                 1431655609
171                 1431655609
172                 1717986763
173                 1717986763
174                 2004317917
175                 2004317917
176                 -2004318225
177                 -2004318225
178                 -1717987103
179                 -1717987103
180                 -1431655949
181                 -1431655949
182                 -1145325051
183                 -1145325051
184                 -858993897
185                 -858993897
186                 -572662743
187                 -572662743
188                 -286331589
189                 -286331589
190                 -435
191                 -435
192                 3935
193                 3935
194                 286330961
195                 286330961
196                 572662115
197                 572662115
198                 858993269
199                 858993269
200                 1145324423
201                 1145324423
202                 1431655577
203                 1431655577
204                 1717986731
205                 1717986731
206                 2004317885
207                 2004317885
208                 -2004318257
209                 -2004318257
210                 -1717987135
211                 -1717987135
212                 -1431655981
213                 -1431655981
214                 -1145324827
215                 -1145324827
216                 -858993673
217                 -858993673
218                 -572662775
219                 -572662775
220                 -286331621
221                 -286331621
222                 -467
223                 -467
224                 3903
225                 3903
226                 286330929
227                 286330929
228                 572662083
229                 572662083
230                 858993237
231                 858993237
232                 1145324391
233                 1145324391
234                 1431655545
235                 1431655545
236                 1717986699
237                 1717986699
238                 2004317853
239                 2004317853
240                 -2004318289
241                 -2004318289
242                 -1717987167
243                 -1717987167
244                 -1431656013
245                 -1431656013
246                 -1145324859
247                 -1145324859
248                 -858993705
249                 -858993705
250                 -572662551
251                 -572662551
252                 -286331397
253                 -286331397
254                 -499
255                 -499
256                 3871
257                 3871
258                 286330897
259                 286330897
260                 572662051
261                 572662051
262                 858993205
263                 858993205
264                 1145324359
265                 1145324359
266                 1431655513
267                 1431655513
268                 1717986667
269                 1717986667
270                 2004317821
271                 2004317821
272                 -2004318321
273                 -2004318321
274                 -1717987199
275                 -1717987199
276                 -1431656045
277                 -1431656045
278                 -1145324891
279                 -1145324891
280                 -858993737
281                 -858993737
282                 -572662583
283                 -572662583
284                 -286331429
285                 -286331429
286                 -275
287                 -275
288                 4095
289                 4095
290                 286330865
291                 286330865
292                 572657667
293                 572657667
294                 858988821
295                 858988821
296                 1145319975
297                 1145319975
298                 1431651129
299                 1431651129
300                 1717982283
301                 1717982283
302                 2004313437
303                 2004313437
304                 -2004322705
305                 -2004322705
306                 -1717991583
307                 -1717991583
308                 -1431660429
309                 -1431660429
310                 -1145329275
311                 -1145329275
312                 -858998121
313                 -858998121
314                 -572666967
315                 -572666967
316                 -286335813
317                 -286335813
318                 -4659
319                 -4659
320                 65247
321                 65247
322                 286330833
323                 286330833
324                 572657891
325                 572657891
326                 858989045
327                 858989045
328                 1145319943
329                 1145319943
330                 1431651097
331                 1431651097
332                 1717982251
333                 1717982251
334                 2004313405
335                 2004313405
336                 -2004322737
337                 -2004322737
338                 -1717991615
339                 -1717991615
340                 -1431660461
341                 -1431660461
342                 -1145329307
343                 -1145329307
344                 -858998153
345                 -858998153
346                 -572666999
347                 -572666999
348                 -286335845
349                 -286335845
350                 -4691
351                 -4691
352                 65215
353                 65215
354                 286330801
355                 286330801
356                 572657859
357                 572657859
358                 858989013
359                 858989013
360                 1145320167
361                 1145320167
362                 1431651321
363                 1431651321
364                 1717982219
365                 1717982219
366                 2004313373
367                 2004313373
368                 -2004322769
369                 -2004322769
370                 -1717991647
371                 -1717991647
372                 -1431660493
373                 -1431660493
374                 -1145329339
375                 -1145329339
376                 -858998185
377                 -858998185
378                 -572667031
379                 -572667031
380                 -286335877
381                 -286335877
382                 -4723
383                 -4723
384                 65183
385                 65183
386                 286330769
387                 286330769
388                 572657827
389                 572657827
390                 858988981
391                 858988981
392                 1145320135
393                 1145320135
394                 1431651289
395                 1431651289
396                 1717982443
397                 1717982443
398                 2004313597
399                 2004313597
400                 -2004322801
401                 -2004322801
402                 -1717991679
403                 -1717991679
404                 -1431660525
405                 -1431660525
406                 -1145329371
407                 -1145329371
408                 -858998217
409                 -858998217
410                 -572667063
411                 -572667063
412                 -286335909
413                 -286335909
414                 -4755
415                 -4755
416                 65151
417                 65151
418                 286330737
419                 286330737
420                 572657795
421                 572657795
422                 858988949
423                 858988949
424                 1145320103
425                 1145320103
426                 1431651257
427                 1431651257
428                 1717982411
429                 1717982411
430                 2004313565
431                 2004313565
432                 -2004322577
433                 -2004322577
434                 -1717991455
435                 -1717991455
436                 -1431660301
437                 -1431660301
438                 -1145329403
439                 -1145329403
440                 -858998249
441                 -858998249
442                 -572667095
443                 -572667095
444                 -286335941
445                 -286335941
446                 -4787
447                 -4787
448                 65119
449                 65119
450                 286330705
451                 286330705
452                 572657763
453                 572657763
454                 858988917
455                 858988917
456                 1145320071
457                 1145320071
458                 1431651225
459                 1431651225
460                 1717982379
461                 1717982379
462                 2004313533
463                 2004313533
464                 -2004322609
465                 -2004322609
466                 -1717991487
467                 -1717991487
468                 -1431660333
469                 -1431660333
470                 -1145329179
471                 -1145329179
472                 -858998025
473                 -858998025
474                 -572667127
475                 -572667127
476                 -286335973
477                 -286335973
478                 -4819
479                 -4819
480                 65087
481                 65087
482                 286330673
483                 286330673
484                 572657731
485                 572657731
486                 858988885
487                 858988885
488                 1145320039
489                 1145320039
490                 1431651193
491                 1431651193
492                 1717982347
493                 1717982347
494                 2004313501
495                 2004313501
496                 -2004322641
497                 -2004322641
498                 -1717991519
499                 -1717991519
500                 -1431660365
501                 -1431660365
502                 -1145329211
503                 -1145329211
504                 -858998057
505                 -858998057
506                 -572666903
507                 -572666903
508                 -286335749
509                 -286335749
510                 -4851
511                 -4851
512                 65055
513                 65055
514                 286330641
515                 286330641
516                 572657699
517                 572657699
518                 858988853
519                 858988853
520                 1145320007
521                 1145320007
522                 1431651161
523                 1431651161
524                 1717982315
525                 1717982315
526                 2004313469
527                 2004313469
528                 -2004322673
529                 -2004322673
530                 -1717991551
531                 -1717991551
532                 -1431660397
533                 -1431660397
534                 -1145329243
535                 -1145329243
536                 -858998089
537                 -858998089
538                 -572666935
539                 -572666935
540                 -286335781
541                 -286335781
542                 -4627
543                 -4627
544                 65279
545                 65279
546                 286330609
547                 286330609
548                 572661507
549                 572661507
550                 858988565
551                 858988565
552                 1145319719
553                 1145319719
554                 1431650873
555                 1431650873
556                 1717982027
557                 1717982027
558                 2004313181
559                 2004313181
560                 -2004322961
561                 -2004322961
562                 -1717991839
563                 -1717991839
564                 -1431660685
565                 -1431660685
566                 -1145329531
567                 -1145329531
568                 -858998377
569                 -858998377
570                 -572667223
571                 -572667223
572                 -286336069
573                 -286336069
574                 -4915
575                 -4915
576                 64991
577                 64991
578                 286330577
579                 286330577
580                 572661731
581                 572661731
582                 858988789
583                 858988789
584                 1145319687
585                 1145319687
586                 1431650841
587                 1431650841
588                 1717981995
589                 1717981995
590                 2004313149
591                 2004313149
592                 -2004322993
593                 -2004322993
594                 -1717991871
595                 -1717991871
596                 -1431660717
597                 -1431660717
598                 -1145329563
599                 -1145329563
600                 -858998409
601                 -858998409
602                 -572667255
603                 -572667255
604                 -286336101
605                 -286336101
606                 -4947
607                 -4947
608                 64959
609                 64959
610                 286330545
611                 286330545
612                 572661699
613                 572661699
614                 858988757
615                 858988757
616                 1145319911
617                 1145319911
618                 1431651065
619                 1431651065
620                 1717981963
621                 1717981963
622                 2004313117
623                 2004313117
624                 -2004323025
625                 -2004323025
626                 -1717991903
627                 -1717991903
628                 -1431660749
629                 -1431660749
630                 -1145329595
631                 -1145329595
632                 -858998441
633                 -858998441
634                 -572667287
635                 -572667287
636                 -286336133
637                 -286336133
638                 -4979
639                 -4979
640                 64927
641                 64927
642                 286330513
643                 286330513
644                 572661667
645                 572661667
646                 858988725
647                 858988725
648                 1145319879
649                 1145319879
650                 1431651033
651                 1431651033
652                 1717982187
653                 1717982187
654                 2004313341
655                 2004313341
656                 -2004323057
657                 -2004323057
658                 -1717991935
659                 -1717991935
660                 -1431660781
661                 -1431660781
662                 -1145329627
663                 -1145329627
664                 -858998473
665                 -858998473
666                 -572667319
667                 -572667319
668                 -286336165
669                 -286336165
670                 -5011
671                 -5011
672                 64895
673                 64895
674                 286330481
675                 286330481
676                 572661635
677                 572661635
678                 858988693
679                 858988693
680                 1145319847
681                 1145319847
682                 1431651001
683                 1431651001
684                 1717982155
685                 1717982155
686                 2004313309
687                 2004313309
688                 -2004322833
689                 -2004322833
690                 -1717991711
691                 -1717991711
692                 -1431660557
693                 -1431660557
694                 -1145329659
695                 -1145329659
696                 -858998505
697                 -858998505
698                 -572667351
699                 -572667351
700                 -286336197
701                 -286336197
702                 -5043
703                 -5043
704                 64863
705                 64863
706                 286330449
707                 286330449
708                 572661603
709                 572661603
710                 858988661
711                 858988661
712                 1145319815
713                 1145319815
714                 1431650969
715                 1431650969
716                 1717982123
717                 1717982123
718                 2004313277
719                 2004313277
720                 -2004322865
721                 -2004322865
722                 -1717991743
723                 -1717991743
724                 -1431660589
725                 -1431660589
726                 -1145329435
727                 -1145329435
728                 -858998281
729                 -858998281
730                 -572667383
731                 -572667383
732                 -286336229
733                 -286336229
734                 -5075
735                 -5075
736                 64831
737                 64831
738                 286330417
739                 286330417
740                 572661571
741                 572661571
742                 858988629
743                 858988629
744                 1145319783
745                 1145319783
746                 1431650937
747                 1431650937
748                 1717982091
749                 1717982091
750                 2004313245
751                 2004313245
752                 -2004322897
753                 -2004322897
754                 -1717991775
755                 -1717991775
756                 -1431660621
757                 -1431660621
758                 -1145329467
759                 -1145329467
760                 -858998313
761                 -858998313
762                 -572667159
763                 -572667159
764                 -286336005
765                 -286336005
766                 -5107
767                 -5107
768                 64799
769                 64799
770                 286330385
771                 286330385
772                 572661539
773                 572661539
774                 858988597
775                 858988597
776                 1145319751
777                 1145319751
778                 1431650905
779                 1431650905
780                 1717982059
781                 1717982059
782                 2004313213
783                 2004313213
784                 -2004322929
785                 -2004322929
786                 -1717991807
787                 -1717991807
788                 -1431660653
789                 -1431660653
790                 -1145329499
791                 -1145329499
792                 -858998345
793                 -858998345
794                 -572667191
795                 -572667191
796                 -286336037
797                 -286336037
798                 -4883
799                 -4883
800                 65023
801                 65023
802                 286330353
803                 286330353
804                 572661251
805                 572661251
806                 858992405
807                 858992405
808                 1145319463
809                 1145319463
810                 1431650617
811                 1431650617
812                 1717981771
813                 1717981771
814                 2004312925
815                 2004312925
816                 -2004323217
817                 -2004323217
818                 -1717992095
819                 -1717992095
820                 -1431660941
821                 -1431660941
822                 -1145329787
823                 -1145329787
824                 -858998633
825                 -858998633
826                 -572667479
827                 -572667479
828                 -286336325
829                 -286336325
830                 -5171
831                 -5171
832                 64735
833                 64735
834                 286330321
835                 286330321
836                 572661475
837                 572661475
838                 858992629
839                 858992629
840                 1145319431
841                 1145319431
842                 1431650585
843                 1431650585
844                 1717981739
845                 1717981739
846                 2004312893
847                 2004312893
848                 -2004323249
849                 -2004323249
850                 -1717992127
851                 -1717992127
852                 -1431660973
853                 -1431660973
854                 -1145329819
855                 -1145329819
856                 -858998665
857                 -858998665
858                 -572667511
859                 -572667511
860                 -286336357
861                 -286336357
862                 -5203
863                 -5203
864                 64703
865                 64703
866                 286330289
867                 286330289
868                 572661443
869                 572661443
870                 858992597
871                 858992597
872                 1145319655
873                 1145319655
874                 1431650809
875                 1431650809
876                 1717981707
877                 1717981707
878                 2004312861
879                 2004312861
880                 -2004323281
881                 -2004323281
882                 -1717992159
883                 -1717992159
884                 -1431661005
885                 -1431661005
886                 -1145329851
887                 -1145329851
888                 -858998697
889                 -858998697
890                 -572667543
891                 -572667543
892                 -286336389
893                 -286336389
894                 -5235
895                 -5235
896                 64671
897                 64671
898                 286330257
899                 286330257
900                 572661411
901                 572661411
902                 858992565
903                 858992565
904                 1145319623
905                 1145319623
906                 1431650777
907                 1431650777
908                 1717981931
909                 1717981931
910                 2004313085
911                 2004313085
912                 -2004323313
913                 -2004323313
914                 -1717992191
915                 -1717992191
916                 -1431661037
917                 -1431661037
918                 -1145329883
919                 -1145329883
920                 -858998729
921                 -858998729
922                 -572667575
923                 -572667575
924                 -286336421
925                 -286336421
926                 -5267
927                 -5267
928                 64639
929                 64639
930                 286330225
931                 286330225
932                 572661379
933                 572661379
934                 858992533
935                 858992533
936                 1145319591
937                 1145319591
938                 1431650745
939                 1431650745
940                 1717981899
941                 1717981899
942                 2004313053
943                 2004313053
944                 -2004323089
945                 -2004323089
946                 -1717991967
947                 -1717991967
948                 -1431660813
949                 -1431660813
950                 -1145329915
951                 -1145329915
952                 -858998761
953                 -858998761
954                 -572667607
955                 -572667607
956                 -286336453
957                 -286336453
958                 -5299
959                 -5299
960                 64607
961                 64607
962                 286330193
963                 286330193
964                 572661347
965                 572661347
966                 858992501
967                 858992501
968                 1145319559
969                 1145319559
970                 1431650713
971                 1431650713
972                 1717981867
973                 1717981867
974                 2004313021
975                 2004313021
976                 -2004323121
977                 -2004323121
978                 -1717991999
979                 -1717991999
980                 -1431660845
981                 -1431660845
982                 -1145329691
983                 -1145329691
984                 -858998537
985                 -858998537
986                 -572667639
987                 -572667639
988                 -286336485
989                 -286336485
990                 -5331
991                 -5331
992                 64575
993                 64575
994                 286330161
995                 286330161
996                 572661315
997                 572661315
998                 858992469
999                 858992469
1000                1145319527
